1.0
1.0
1.0
1.0
1.0
1.0
1.0
1.0
1.0
1.0
1.0
1.0
1.0
1.0
1.0
1.0
1.0
1.0
1.0
1.0
1.0
1.0
1.0
1.0
1.0
1.0
1.0
1.0
1.0
1.0
1.0
1.0
1.0
1.0
1.0
1.0
1.0
1.0
1.0
1.0
1.0
1.0
1.0
1.0
1.0
1.0
1.0
1.0
1.0
1.0
1.0
1.0
1.0
1.0
1.0
1.0
1.0
1.0
1.0
1.0
1.0
1.0
1.0
1.0
1.0
1.0
1.0
1.0
1.0
1.0
1.0
1.0
1.0
1.0
1.0
1.0
1.0
1.0
1.0
1.0
1.0
1.0
1.0
1.0
1.0
1.0
1.0
1.0
1.0
1.0
1.0
1.0
1.0
1.0
1.0
1.0
1.0
1.0
1.0
1.0
1.0
1.0
1.0
1.0
1.0
1.0
1.0
1.0
1.0
1.0
1.0
1.0
1.0
1.0
1.0
1.0
1.0
1.0
1.0
1.0
1.0
1.0
1.0
1.0
1.0
1.0
1.0
1.0
1.0
1.0
1.0
1.0
1.0
1.0
1.0
1.0
1.0
1.0
1.0
1.0
1.0
1.0
1.0
1.0
1.0
1.0
1.0
1.0
1.0
1.0
1.0
1.0
1.0
1.0
1.0
1.0
1.0
1.0
1.0
1.0
1.0
1.0
1.0
1.0
1.0
1.0
1.0
1.0
1.0
1.0
1.0
1.0
1.0
1.0
1.0
1.0
1.0
1.0
1.0
1.0
1.0
1.0
1.0
1.0
1.0
1.0
1.0
1.0
1.0
1.0
1.0
1.0
1.0
1.0
1.0
1.0
1.0
1.0
1.0
1.0
1.0
1.0
1.0
1.0
1.0
1.0
1.0
1.0
1.0
1.0
1.0
1.0
1.0
1.0
1.0
1.0
1.0
1.0
1.0
1.0
1.0
1.0
1.0
1.0
1.0
1.0
1.03125
1.03125
1.0
1.0
1.0
1.0
1.0
1.03125
1.0
1.0
1.0
1.0
1.0
1.0
1.0
1.0
1.0
1.0
1.0
1.0
1.0
1.0
1.0
1.0
1.0
1.0
1.0
1.0
1.0
1.0
1.0
1.0
1.0
1.0
1.0
1.0
1.0
1.0
1.0
1.03125
1.0
1.0
1.0
1.0
1.0
1.0
1.0
1.03125
1.0
1.0
1.0
1.03125
1.0
1.0
1.0
1.0
1.0078125
1.0078125
1.0078125
1.0
1.0
1.0
1.0
1.0
1.03125
1.0
1.0078125
1.0078125
1.0078125
1.0
1.0
1.0
1.09375
1.0
1.0
1.0
1.0
1.0
1.0
1.0
1.0
1.0
1.0
1.0
1.0
1.0
1.0
1.0078125
1.0078125
1.0
1.0
1.0078125
1.0234375
1.0234375
1.015625
1.015625
1.0078125
1.0234375
1.0078125
1.0
1.015625
1.03125
1.0234375
1.0390625
1.015625
1.015625
1.0
1.0390625
1.0
1.0
1.0234375
1.015625
1.009765625
1.03125
1.0234375
1.03125
1.03125
1.0
1.0078125
1.0
1.0234375
1.0234375
1.0
1.0
1.0
1.015625
1.0234375
1.0
1.0
1.0
1.0
1.0
1.0
1.009765625
1.0
1.0
1.0
1.0
1.001953125
1.017578125
1.0
1.0
1.015625
1.015625
1.0
1.0
1.009765625
1.015625
1.001953125
1.01171875
1.00390625
1.029296875
1.0
1.0078125
1.013671875
1.013671875
1.013671875
1.029296875
1.01953125
1.0234375
1.03515625
1.05078125
1.044921875
1.0205078125
1.0087890625
1.0205078125
1.00390625
1.00390625
1.0302734375
1.0244140625
1.04296875
1.04296875
1.01416015625
1.01171875
1.01904296875
1.033203125
1.0
1.0
1.0078125
1.037109375
1.037109375
1.0205078125
1.01416015625
1.01513671875
1.048828125
1.017578125
1.0166015625
1.04296875
1.0234375
1.037109375
1.01171875
1.01904296875
1.01904296875
1.01513671875
1.013671875
1.01416015625
1.01416015625
1.041015625
1.01904296875
1.00830078125
1.017578125
1.03515625
1.02587890625
1.00244140625
1.01171875
1.01513671875
1.013671875
1.01171875
1.013671875
1.04052734375
1.06201171875
1.025390625
1.00244140625
1.078125
1.098876953125
1.0379638671875
1.02001953125
1.0264892578125
1.0374755859375
1.0374755859375
1.0164794921875
1.02001953125
1.052734375
1.052734375
1.0306396484375
1.060302734375
1.0164794921875
1.055908203125
1.04638671875
1.0184326171875
1.060302734375
1.0374755859375
1.03173828125
1.013671875
1.069580078125
1.02001953125
1.052001953125
1.016845703125
1.03076171875
1.0257568359375
1.0146484375
1.0146484375
1.052734375
1.052734375
1.052001953125
1.01953125
1.0384521484375
1.08056640625
1.052490234375
1.0281982421875
1.0281982421875
1.037841796875
1.052001953125
1.0133056640625
1.015625
1.037841796875
1.037841796875
1.02294921875
1.04241943359375
1.05328369140625
1.022705078125
1.020751953125
1.037261962890625
1.033233642578125
1.030731201171875
1.020751953125
1.029998779296875
1.053131103515625
1.03369140625
1.03369140625
1.03369140625
1.023681640625
1.023590087890625
1.0155029296875
1.0194091796875
1.02752685546875
1.07269287109375
1.0462646484375
1.02239990234375
1.042327880859375
1.023590087890625
1.03228759765625
1.02313232421875
1.0155029296875
1.052490234375
1.0201416015625
1.02532958984375
1.039093017578125
1.0636444091796875
1.0543899536132812
1.0208206176757812
1.0474700927734375
1.0441055297851562
1.0463790893554688
1.0252532958984375
1.0238723754882812
1.0428237915039062
1.0289077758789062
1.0280609130859375
1.0245437622070312
1.0447616577148438
1.0474700927734375
1.0914077758789062
1.0267715454101562
1.0452651977539062
1.0223312377929688
1.0398712158203125
1.0428237915039062
1.0364227294921875
1.14630126953125
1.0234699249267578
1.0318641662597656
1.0542926788330078
1.0348033905029297
1.0379829406738281
1.1640167236328125
1.037353515625
1.0440120697021484
1.0546646118164062
1.0400276184082031
1.065298080444336
1.0374164581298828
